speed=2.000000
volume=52.000000
fullscreen=yes
